----DATA RATE IS 500 Hz----


120.70
120.81
120.75
120.80
120.93
120.83
120.77
120.47
120.58
120.47
120.43
120.43
120.64
120.88
120.94
121.28
121.36
121.54
121.56
121.75
121.79
121.79
121.85
121.91
121.78
121.65
121.58
121.47
121.49
121.47
121.58
121.52
121.52
121.46
121.51
121.45
121.55
121.64
121.48
121.53
121.67
121.60
121.42
121.36
121.36
121.36
121.39
121.58
121.44
121.44
121.59
121.44
121.55
121.49
121.44
121.50
121.60
121.50
121.45
121.49
121.30
121.20
121.48
121.28
121.32
121.38
121.14
121.35
121.22
121.41
121.28
121.43
121.67
121.72
121.72
121.70
121.65
121.63
121.87
121.60
121.88
122.13
122.06
122.21
122.46
122.36
122.49
122.11
122.05
122.01
122.00
122.21
122.28
122.26
122.14
122.19
122.23
122.08
121.91
121.94
121.92
122.08
122.11
121.93
121.97
122.43
122.60
123.04
123.54
123.80
123.71
123.69
123.60
123.37
123.19
122.97
122.86
122.77
122.80
123.22
123.26
123.51
123.67
123.56
123.84
124.01
124.47
124.83
124.93
125.24
125.26
125.42
125.39
125.50
125.67
125.85
125.97
126.13
126.06
125.98
125.97
125.86
125.85
125.86
125.83
125.68
125.38
125.18
124.99
124.80
124.35
124.25
123.93
123.69
123.32
122.78
122.46
122.16
121.83
121.67
121.04
120.68
120.25
119.85
119.44
119.35
119.30
119.25
118.92
118.91
118.49
118.35
117.86
117.67
117.57
117.57
117.41
117.55
117.71
117.61
117.45
117.18
116.91
116.65
116.34
116.16
116.01
115.87
115.52
115.15
114.44
113.99
113.25
112.65
111.87
111.34
110.65
110.36
109.85
109.31
109.01
108.31
107.79
107.15
106.64
106.11
105.69
105.21
104.95
104.67
104.14
104.12
103.70
103.27
103.01
102.68
102.50
102.17
101.43
100.85
99.98
99.43
98.76
98.24
97.63
96.87
96.23
95.23
94.51
93.76
92.73
91.90
91.10
90.20
89.39
88.47
87.82
86.84
85.84
84.95
84.23
83.48
82.60
81.81
81.07
80.13
79.36
78.88
78.19
77.68
77.27
77.00
76.91
76.83
76.43
76.12
75.84
74.98
74.28
73.47
72.56
71.71
71.15
70.76
70.15
69.92
69.64
69.23
68.79
68.21
67.55
67.25
66.70
66.17
65.59
64.93
64.52
63.94
63.44
63.48
63.85
64.08
64.14
63.63
62.76
61.81
60.36
59.27
58.10
56.98
55.87
55.05
54.24
53.44
52.65
52.27
51.86
51.33
51.07
50.79
49.71
49.00
48.06
47.18
46.27
45.47
45.20
44.99
45.49
45.61
45.88
45.97
45.93
45.87
45.42
44.98
44.32
43.49
42.73
42.11
41.38
40.70
40.41
39.60
39.10
38.54
37.85
37.20
36.50
36.01
35.68
35.62
35.94
35.70
35.64
35.46
34.96
34.12
33.40
32.55
31.82
31.08
30.35
29.60
28.81
28.33
27.75
27.33
26.80
26.44
25.90
25.45
24.96
24.45
23.99
23.43
23.25
23.09
22.90
22.52
22.31
22.08
21.68
21.05
20.31
19.72
18.74
18.06
17.30
16.44
15.90
15.18
14.61
14.21
13.59
12.90
12.24
11.77
11.18
10.55
9.83
9.09
8.20
7.46
7.00
6.41
6.11
5.90
5.68
5.11
4.95
4.75
4.62
4.41
3.95
3.51
2.81
2.68
2.54
2.40
2.53
2.06
1.71
1.30
0.50
0.11
0.11
359.72
359.40
358.57
357.70
356.34
354.75
353.14
351.31
350.18
349.18
348.17
347.62
346.59
345.99
345.07
343.62
342.39
340.71
339.33
337.92
336.48
335.16
333.84
332.08
330.79
329.14
327.44
325.92
324.64
323.16
321.48
319.93
317.96
316.63
315.24
313.83
312.14
310.05
308.75
306.63
304.82
302.77
301.24
298.74
297.34
294.44
291.97
290.28
287.87
285.78
283.77
282.10
281.75
279.93
277.70
276.40
274.41
271.12
268.17
264.17
262.62
261.15
258.15
256.80
253.64
249.82
246.03
243.56
239.68
237.50
235.79
234.22
232.90
232.18
231.24
229.76
228.44
226.96
225.30
224.73
223.51
222.44
221.54
220.15
219.40
218.02
217.55
216.40
215.90
216.40
216.59
216.92
216.67
214.89
212.76
209.81
206.41
203.12
200.35
198.16
196.35
194.60
193.15
191.40
189.97
188.41
186.99
186.13
185.08
184.22
183.18
181.99
180.76
179.13
177.34
175.24
172.84
170.61
168.55
166.65
164.89
163.44
162.28
161.35
160.73
160.46
160.21
159.84
159.32
158.68
158.06
157.23
156.66
156.05
155.60
155.24
154.95
154.63
154.21
153.92
153.86
153.89
153.89
153.85
153.92
153.95
153.68
153.40
152.89
152.58
152.25
152.04
152.14
152.09
151.74
150.90
150.43
149.81
148.89
148.19
147.12
146.25
145.48
144.81
143.90
143.04
141.96
141.20
140.23
139.29
138.17
137.09
135.88
134.68
133.47
132.34
131.25
130.38
129.78
129.25
128.65
128.25
128.07
127.64
127.48
126.88
126.64
126.20
125.96
125.85
125.59
125.43
125.39
125.31
125.17
124.89
124.73
124.81
125.00
125.16
124.95
125.07
125.18
125.11
125.05
125.01
124.96
124.99
124.97
125.21
125.48
125.68
125.86
126.13
126.85
127.14
127.41
127.66
127.97
128.32
128.67
129.22
129.78
130.22
130.64
131.38
131.87
132.63
133.92
135.45
136.86
138.39
140.15
142.02
143.72
145.55
146.89
148.37
149.65
150.58
151.49
152.46
153.34
154.59
156.02
157.51
158.91
160.12
161.38
162.53
163.56
164.90
166.04
167.32
168.73
170.19
171.68
173.58
175.48
177.41
179.38
181.41
183.41
185.32
187.56
189.85
192.30
194.76
196.85
199.17
201.65
203.74
206.09
208.73
211.06
213.44
216.00
218.22
220.45
222.62
224.41
225.87
227.97
229.57
231.03
232.50
234.11
235.18
236.52
238.78
239.90
242.18
244.27
246.20
248.02
249.78
252.15
254.51
256.08
258.18
259.78
261.42
263.21
265.09
266.35
268.17
270.39
271.83
273.47
275.55
276.96
278.97
280.29
281.98
283.54
285.25
286.69
288.20
289.99
291.69
293.10
295.42
296.93
298.83
300.29
301.91
303.36
304.71
306.35
308.19
309.82
311.51
312.84
314.26
315.43
316.88
318.70
320.57
321.91
324.06
325.72
327.32
328.53
330.09
331.30
332.96
334.85
336.65
338.53
340.05
341.23
342.39
343.60
345.13
346.63
348.36
350.33
352.30
353.87
355.18
356.46
357.57
358.99
0.25
1.62
3.14
4.32
5.50
6.27
6.79
7.58
8.44
9.40
10.33
11.34
12.14
12.89
13.47
14.14
14.55
15.18
15.86
16.32
16.91
17.57
18.15
18.64
19.31
19.56
20.42
21.09
21.89
22.53
23.22
23.87
24.70
25.31
25.76
26.35
26.92
27.71
28.34
28.87
29.41
30.20
31.37
32.91
34.60
36.14
37.48
38.74
39.88
41.01
41.96
42.91
44.23
45.35
46.32
46.74
47.16
47.30
47.46
47.87
48.19
48.63
49.32
50.11
51.41
52.75
54.29
55.47
56.18
57.03
58.21
59.26
60.53
61.42
62.08
62.48
62.95
63.94
65.00
66.30
67.51
68.88
70.18
71.66
73.06
74.07
74.91
75.69
75.96
76.13
76.49
76.57
76.72
77.16
77.96
78.97
79.82
80.53
80.80
81.10
81.22
81.49
81.95
82.33
82.44
82.54
82.80
83.18
83.78
84.70
85.61
86.59
87.47
88.48
89.61
90.34
91.06
91.64
91.82
92.09
92.22
92.43
92.75
93.36
94.03
94.81
95.75
96.41
96.83
97.40
97.75
98.12
98.60
99.39
100.08
100.99
101.63
102.34
102.59
102.83
102.80
102.74
102.83
103.06
103.44
103.96
104.69
105.35
106.01
106.72
107.35
107.51
107.66
106.92
106.54
105.97
105.51
105.19
104.93
104.87
105.16
105.43
105.88
106.32
106.71
106.98
107.17
107.40
107.77
108.30
108.75
109.26
109.81
110.09
110.59
111.16
111.56
112.06
112.70
113.01
113.62
114.27
114.70
115.60
116.51
117.65
118.42
119.49
120.21
121.00
121.49
121.91
122.44
123.11
123.73
124.22
124.77
125.22
125.61
125.51
125.35
126.25
127.32
128.22
128.28
128.61
128.74
128.92
129.76
130.84
131.77
132.54
133.22
133.61
133.18
132.79
132.17
131.29
130.53
130.05
129.62
129.17
129.15
128.93
128.88
128.64
128.93
128.86
129.41
129.87
130.57
131.40
132.24
133.03
133.81
134.43
135.10
135.46
136.03
136.40
136.90
137.08
137.46
137.55
137.57
137.49
137.59
137.66
137.83
138.03
138.17
138.30
138.70
139.11
139.31
139.81
140.17
140.10
140.07
140.23
140.47
140.81
141.19
141.33
141.28
140.85
140.36
139.66
138.69
137.62
136.25
134.64
132.99
130.61
128.01
125.00
122.02
119.44
117.00
114.83
113.43
112.21
112.83
113.62
116.29
119.61
124.21
129.65
135.07
140.46
145.58
149.84
152.21
152.92
152.18
150.32
147.37
143.21
137.83
132.38
127.04
121.91
117.81
114.35
111.65
110.10
109.66
110.10
111.21
112.99
115.70
118.81
122.50
127.11
132.17
137.41
141.95
146.06
148.79
150.04
149.66
147.70
144.13
138.92
132.16
125.09
117.49
110.73
104.95
100.17
97.17
95.59
96.26
98.29
101.68
105.40
109.45
113.91
118.54
123.27
128.13
133.03
137.06
140.13
141.59
141.57
140.01
136.96
132.88
127.79
121.78
115.64
109.26
103.71
99.11
95.71
93.63
93.54
95.57
98.93
103.53
108.40
113.77
119.24
125.06
130.55
135.37
139.19
141.66
142.55
142.01
139.92
136.75
132.13
127.17
122.33
117.60
112.85
108.50
104.45
101.57
99.26
98.30
98.35
99.22
100.74
102.22
103.46
104.44
104.56
103.87
102.00
99.32
96.22
92.82
89.65
86.64
84.26
82.55
81.39
80.72
80.58
80.27
79.73
79.41
78.66
77.90
77.13
76.49
76.12
75.95
76.16
76.45
76.60
76.62
76.68
76.76
76.44
76.56
76.74
77.06
77.27
77.66
78.00
78.25
78.41
78.51
78.57
78.52
78.39
78.12
77.79
76.91
75.80
74.40
72.80
70.80
68.43
66.30
63.53
60.80
58.32
55.64
53.28
51.71
50.57
50.48
51.26
53.26
56.41
60.10
64.13
67.97
71.55
74.97
77.83
80.28
82.59
84.10
85.05
84.91
84.13
82.32
79.69
76.06
72.19
67.78
63.55
59.57
56.68
54.29
53.13
53.22
54.17
55.47
56.93
58.99
61.04
63.43
65.74
67.77
69.23
69.65
69.39
68.23
66.53
64.53
62.34
60.08
57.50
55.60
54.35
54.18
55.27
57.03
59.47
62.17
65.10
68.20
71.36
74.20
76.98
78.80
80.41
80.86
80.56
79.59
77.71
75.50
72.81
69.60
66.34
62.34
58.47
54.77
51.29
48.97
47.71
48.03
49.08
51.46
54.07
57.38
61.14
65.14
69.58
73.92
77.88
81.43
84.19
86.23
87.71
88.28
87.83
86.33
83.72
80.18
76.39
72.16
68.26
64.60
61.56
59.34
57.98
57.73
58.50
59.96
62.03
64.83
67.93
71.33
74.75
77.67
79.86
81.25
81.83
81.25
80.07
77.82
75.24
72.04
68.73
65.21
61.80
58.02
53.95
50.47
47.54
45.11
43.62
42.84
42.85
43.41
44.92
46.59
48.93
51.73
54.64
57.28
59.81
61.87
63.57
64.61
65.09
65.09
64.72
64.23
63.50
62.33
61.34
60.43
59.51
59.08
58.64
58.25
57.59
56.71
55.30
53.47
51.27
49.16
47.60
46.14
44.72
43.59
41.55
39.67
37.50
35.23
32.45
30.08
28.49
27.24
27.29
27.19
27.48
27.89
28.24
28.92
29.37
29.97
30.21
29.50
29.09
28.82
28.10
27.19
26.55
26.23
25.46
24.63
23.86
22.68
21.61
20.94
20.47
20.50
20.77
21.23
21.39
21.45
21.32
21.33
21.18
20.92
20.23
19.53
18.50
17.47
16.74
16.30
15.92
15.63
14.80
13.84
13.47
12.77
12.29
11.52
10.63
9.62
8.75
8.09
7.48
6.79
5.95
5.19
4.32
3.20
1.49
359.27
356.91
354.38
351.63
349.86
348.66
348.16
347.76
346.45
343.78
341.22
339.09
337.65
335.21
331.51
326.40
321.61
317.50
314.41
311.59
310.87
311.66
314.31
319.56
325.73
332.83
339.33
345.92
351.28
355.62
358.95
1.60
2.94
3.50
2.75
1.25
358.94
355.29
350.81
345.84
341.48
337.81
334.89
332.72
331.21
330.11
329.99
330.24
331.39
334.13
337.93
342.32
346.99
352.40
358.04
3.79
7.98
11.02
12.61
12.62
10.07
4.86
356.74
348.09
339.00
329.88
320.14
310.42
301.56
294.74
290.48
288.01
288.04
288.76
291.64
296.44
303.83
312.36
321.25
329.67
336.80
343.97
349.09
352.41
353.54
352.76
350.64
347.27
342.56
336.62
329.90
322.90
315.40
308.87
302.57
297.88
295.16
294.66
297.61
301.84
308.99
316.71
324.89
332.10
337.17
341.47
344.45
347.03
348.22
347.96
346.25
343.15
338.98
333.34
327.12
319.38
310.84
302.99
295.52
288.65
282.74
281.87
283.47
287.95
294.38
301.83
308.93
314.96
319.26
322.51
324.61
325.75
326.16
325.28
323.56
321.30
318.76
315.95
313.27
309.89
306.12
302.18
296.31
288.48
279.97
270.34
261.99
253.09
244.99
239.22
234.25
229.98
224.74
219.68
213.98
208.06
203.13
198.63
195.08
191.98
190.36
188.59
187.14
186.32
185.21
184.40
183.72
182.92
182.22
181.41
180.99
181.03
181.59
182.73
184.69
187.47
191.72
196.80
202.98
210.76
218.84
226.96
234.66
241.60
247.07
251.68
254.82
256.02
256.24
255.17
252.27
248.24
243.25
237.73
231.24
224.28
217.30
210.94
205.42
201.03
197.71
195.24
194.04
194.14
195.26
197.96
202.39
208.60
216.60
225.42
234.26
242.69
249.38
254.83
257.56
258.47
256.27
252.47
245.98
237.99
228.74
219.31
210.15
201.79
194.07
187.47
182.15
177.32
173.66
171.09
169.50
169.32
170.11
172.54
176.10
181.16
187.84
196.09
205.21
213.83
222.16
228.76
233.20
235.36
235.00
231.96
227.80
221.61
215.13
208.56
202.61
197.01
192.20
188.44
185.68
183.70
182.91
183.57
185.49
188.87
193.58
199.75
207.08
214.41
221.14
226.25
229.62
231.53
231.42
230.45
227.01
223.02
218.10
212.21
206.22
200.67
196.07
192.53
190.15
188.73
188.22
189.07
191.61
195.76
201.81
209.82
219.19
229.17
239.29
248.43
257.65
267.29
277.04
287.41
296.72
305.62
313.30
319.63
324.96
329.52
333.24
336.33
339.00
341.59
344.52
347.71
350.87
354.20
356.85
358.72
359.75
0.02
359.57
358.38
357.12
355.34
353.41
351.27
348.42
345.27
341.53
337.86
334.47
331.57
329.64
328.79
329.18
330.88
334.03
337.24
341.31
345.45
349.80
353.98
357.99
1.69
4.71
7.40
9.41
10.23
10.23
9.42
7.62
5.04
1.83
358.42
354.84
351.83
349.41
347.78
347.20
347.82
349.67
352.92
356.98
1.82
6.40
10.86
15.31
19.10
22.57
25.32
27.72
29.42
30.91
32.19
33.35
34.42
35.13
36.01
36.77
37.97
39.24
40.64
42.32
43.43
44.87
46.05
46.89
47.94
48.77
49.86
50.58
51.66
52.12
52.56
53.33
54.23
55.29
56.75
58.33
59.87
61.03
61.81
62.21
62.61
63.07
63.69
63.69
63.26
63.03
63.14
63.90
64.43
64.93
65.56
66.44
67.16
68.03
68.30
68.60
68.89
69.04
69.27
69.28
69.35
69.27
68.85
68.61
68.54
68.42
68.30
68.06
68.13
67.92
67.89
68.16
68.61
69.06
69.66
70.33
70.58
70.88
70.64
70.39
69.82
69.41
69.29
68.93
69.24
69.24
68.35
67.01
65.52
64.59
65.26
63.14
63.50
64.56
65.90
69.22
74.04
79.19
82.26
83.87
84.48
83.84
83.17
81.79
80.29
78.77
77.79
76.61
75.54
74.54
73.00
71.60
70.27
69.15
68.27
67.37
66.90
66.54
66.03
64.06
62.38
61.09
60.21
59.74
59.89
60.34
60.93
62.39
64.01
65.31
66.09
66.09
66.39
66.20
66.25
65.89
65.07
63.83
61.96
60.42
58.53
57.14
55.62
54.98
54.33
53.86
53.27
52.56
51.73
50.65
49.52
48.37
47.50
46.80
46.63
46.94
47.74
49.26
50.77
52.61
53.73
54.66
55.15
55.42
55.85
56.76
57.68
59.64
62.07
64.82
66.74
68.28
68.87
68.84
68.55
67.44
65.29
62.84
59.92
56.15
52.44
48.74
44.86
41.19
37.78
34.86
32.80
31.68
30.66
30.67
31.33
32.89
35.40
37.75
41.29
44.68
48.16
50.81
52.32
54.23
55.64
57.40
59.02
61.27
63.58
65.79
66.66
67.02
66.18
63.65
59.53
55.23
49.76
44.50
40.10
36.59
34.45
33.24
33.10
34.27
35.95
37.89
39.56
41.21
42.75
44.76
47.17
49.81
53.29
57.39
61.66
66.30
69.91
72.72
74.62
75.15
73.93
71.42
68.40
64.24
60.22
56.30
52.57
49.90
47.61
46.52
46.73
48.17
50.69
53.92
58.17
62.93
67.83
72.40
76.63
80.56
84.05
86.71
89.21
90.52
90.29
88.81
85.88
81.43
76.41
70.78
65.06
59.47
54.09
49.45
45.92
43.64
42.90
43.70
45.94
49.56
54.05
59.53
65.00
70.84
76.75
82.25
87.24
91.55
95.20
98.10
99.29
100.01
98.90
97.11
94.17
90.45
85.95
80.61
75.02
69.33
63.95
58.98
55.11
52.23
50.80
50.87
52.54
55.21
58.81
63.25
67.61
71.74
75.55
78.21
80.27
80.65
79.93
77.60
73.79
69.06
63.91
58.10
52.48
47.97
43.70
40.99
39.22
39.32
41.35
44.78
49.96
55.67
61.89
67.70
73.17
78.04
81.56
84.72
87.42
89.07
90.04
89.89
88.85
86.80
84.37
81.78
79.02
76.81
74.33
72.61
71.53
71.18
71.14
71.30
71.99
72.72
73.71
74.55
75.11
75.49
75.93
76.41
75.79
74.86
73.74
72.94
72.31
71.99
71.41
70.98
70.11
68.52
66.54
64.26
61.84
59.35
57.41
56.94
56.85
57.41
57.90
58.23
58.69
59.13
60.18
62.04
65.00
68.57
73.03
77.98
82.67
87.51
92.68
97.32
101.78
106.36
109.98
112.24
112.63
111.30
108.21
103.29
97.53
91.42
85.51
79.42
73.97
69.16
65.74
63.93
63.17
63.78
64.63
66.21
68.10
70.40
72.87
75.64
78.40
81.08
83.64
85.74
87.03
87.64
87.41
86.86
85.48
83.82
81.87
79.61
77.78
75.90
74.64
73.96
74.06
73.78
72.86
72.33
71.98
72.37
73.85
75.93
78.72
81.93
85.34
88.93
92.55
96.11
99.40
102.64
105.56
107.81
109.05
108.51
106.14
102.12
96.99
91.39
86.00
81.18
76.35
72.28
68.62
66.13
65.01
64.74
65.34
66.21
67.66
69.22
70.90
73.16
75.22
77.61
80.18
82.46
84.83
87.16
89.02
90.48
90.83
90.45
89.66
87.12
83.87
80.22
77.19
75.25
74.41
74.96
76.02
78.09
80.38
83.01
85.87
88.88
91.78
94.72
97.81
101.28
104.66
108.17
111.71
115.01
117.99
120.33
122.55
124.33
125.42
126.38
126.41
126.12
125.15
123.74
122.08
120.06
118.02
115.59
112.99
110.06
106.66
103.54
100.42
96.87
93.71
90.73
88.06
86.29
85.05
85.14
85.73
87.41
89.65
92.64
96.23
100.39
104.52
109.16
113.67
118.10
122.33
126.51
130.25
133.29
135.61
137.25
137.71
137.21
135.84
133.57
130.59
127.20
123.19
119.09
114.51
110.03
105.39
101.42
97.99
95.31
94.05
93.39
94.27
95.74
98.25
101.37
105.43
109.59
114.58
119.27
124.49
129.41
133.93
137.55
140.19
141.74
142.16
141.73
140.41
138.42
135.40
131.32
126.46
120.87
115.17
109.96
105.09
100.97
97.53
95.92
95.29
95.99
97.39
99.86
102.74
106.44
110.40
114.46
119.06
123.18
127.05
129.69
131.36
131.02
129.14
125.93
121.48
115.66
109.52
103.56
97.90
93.14
88.65
85.13
82.69
81.03
80.26
80.43
81.18
82.48
84.19
86.57
89.32
92.54
96.17
99.96
104.52
108.78
113.28
117.46
121.37
124.57
126.87
128.28
128.72
127.53
125.34
121.95
117.36
112.19
106.31
100.44
94.81
89.97
85.84
82.66
80.85
80.53
81.57
83.48
86.24
89.68
93.64
97.93
102.54
107.47
112.46
117.55
122.52
126.81
130.62
133.65
135.97
137.24
137.23
136.01
133.32
129.30
124.54
119.20
113.61
108.36
103.77
100.13
97.48
95.66
95.36
96.50
98.79
101.94
105.81
110.00
114.69
119.55
124.26
128.99
133.37
137.18
140.56
143.20
145.25
147.05
148.40
149.32
150.10
150.66
151.10
151.56
152.29
152.97
153.94
154.63
155.52
156.22
156.70
157.19
157.36
157.32
157.55
157.23
157.38
157.30
157.37
157.38
157.59
157.97
158.44
158.99
159.32
159.35
159.33
158.59
157.73
156.22
154.06
151.33
148.36
144.80
141.14
137.08
133.23
129.20
125.41
121.61
118.62
115.98
113.95
112.68
112.15
112.62
113.67
115.74
118.65
121.44
124.86
128.54
132.41
136.48
140.39
144.25
147.96
151.51
154.45
156.78
158.37
159.31
159.44
158.78
157.46
155.50
152.71
149.34
145.16
140.22
134.53
128.70
122.76
117.89
113.87
111.19
109.75
110.23
111.78
114.75
118.22
122.19
126.70
131.75
136.54
141.52
146.21
150.22
153.82
156.42
157.78
158.31
157.68
156.13
153.58
150.26
146.75
142.65
138.49
134.42
130.78
127.26
124.06
121.25
118.75
116.63
114.57
112.54
110.44
108.08
105.73
103.87
101.60
99.54
97.83
96.33
94.92
94.20
93.95
94.11
95.17
97.06
99.62
102.60
106.15
110.11
114.50
118.98
124.09
129.23
134.44
139.64
144.41
148.61
152.42
155.71
158.39
160.71
162.48
163.64
164.51
164.99
165.29
165.61
165.52
165.22
164.62
163.93
162.92
161.53
160.03
158.21
156.12
153.63
150.48
146.74
142.39
137.34
131.75
126.06
120.22
114.53
108.85
103.86
98.74
93.63
88.99
84.63
80.19
76.61
73.34
70.81
68.73
66.97
65.81
65.19
65.15
65.25
66.11
67.25
68.56
70.38
72.40
74.76
77.53
80.28
83.51
87.18
90.91
95.06
99.62
104.41
109.28
114.68
119.90
125.62
131.26
136.72
142.03
146.94
151.30
155.10
158.25
160.48
162.33
163.75
164.75
165.62
166.24
166.86
167.52
168.25
168.98
169.79
170.55
171.29
171.80
171.92
171.82
171.40
170.57
169.60
168.71
167.48
166.94
166.44
166.52
166.60
167.28
167.95
168.30
168.99
169.16
170.27
170.76
171.49
172.42
173.27
174.43
175.75
176.96
178.66
180.44
182.58
185.03
187.14
189.17
190.66
192.02
192.68
193.17
193.04
193.06
193.12
193.17
193.19
193.39
193.43
193.84
194.19
194.44
195.37
195.84
196.91
198.22
199.55
200.68
202.20
203.56
204.87
206.32
207.01
207.91
208.68
209.22
210.09
210.64
210.59
210.92
210.85
211.09
211.07
211.09
211.37
211.47
211.94
211.90
211.89
211.52
211.21
210.40
209.02
207.17
205.13
202.05
198.92
195.83
192.08
189.33
186.23
183.45
180.70
178.26
175.97
173.66
171.13
168.46
165.44
162.61
160.20
157.59
154.71
151.65
148.23
144.57
140.69
137.01
133.46
130.37
127.06
124.24
121.49
118.50
115.99
113.06
110.16
107.30
104.56
101.76
99.19
96.98
94.31
91.97
89.65
87.50
85.56
83.66
81.84
80.33
78.91
77.81
76.34
74.93
73.76
72.37
71.48
70.30
68.96
67.97
66.15
64.64
62.93
61.04
59.07
57.23
55.52
54.22
52.59
51.31
49.92
48.44
47.17
45.66
44.42
43.14
42.08
40.86
39.88
38.68
37.42
36.29
35.23
34.17
33.21
32.05
31.12
30.03
29.07
28.10
27.16
26.35
25.37
24.47
23.78
23.28
22.48
22.20
22.19
22.25
22.52
22.86
23.26
23.81
24.37
24.87
25.54
26.27
27.32
28.43
29.65
31.41
33.15
35.41
37.84
40.64
43.52
46.21
49.17
51.66
54.09
56.57
58.62
60.92
63.12
65.46
67.61
69.64
71.84
73.88
75.90
77.90
79.89
81.94
83.92
86.05
88.04
90.13
92.28
94.83
97.23
99.92
102.37
105.17
108.37
111.63
114.90
118.28
121.82
124.99
128.09
131.67
134.52
137.34
140.14
142.54
144.45
145.89
147.00
147.97
148.49
149.24
149.79
150.40
151.37
151.88
152.63
153.04
153.95
154.16
154.47
155.21
155.99
157.46
159.25
161.30
163.27
164.85
166.29
166.96
168.28
169.51
171.38
173.38
176.08
178.59
180.38
182.29
183.80
184.87
186.46
188.06
190.80
193.75
195.75
196.67
197.77
197.89
198.57
198.31
198.17
198.36
198.90
199.46
199.80
201.80
203.38
204.44
205.70
205.84
206.54
206.83
206.74
207.42
207.67
207.84
207.92
208.14
208.32
208.40
208.57
208.23
207.98
207.83
207.51
207.12
206.37
205.82
204.71
204.19
203.62
202.83
202.51
202.27
201.52
201.42
200.85
2